(kicad_pcb (version 4) (host pcbnew 4.0.7)

  (general
    (links 452)
    (no_connects 351)
    (area 113.71324 53.54574 181.1439 120.50776)
    (thickness 1.6)
    (drawings 32)
    (tracks 601)
    (zones 0)
    (modules 148)
    (nets 139)
  )

  (page A4)
  (layers
    (0 F.Cu signal)
    (1 GND.Cu signal)
    (2 PWR.Cu signal)
    (31 B.Cu signal)
    (32 B.Adhes user)
    (33 F.Adhes user)
    (34 B.Paste user)
    (35 F.Paste user)
    (36 B.SilkS user)
    (37 F.SilkS user)
    (38 B.Mask user)
    (39 F.Mask user)
    (40 Dwgs.User user)
    (41 Cmts.User user)
    (42 Eco1.User user)
    (43 Eco2.User user)
    (44 Edge.Cuts user)
    (45 Margin user)
    (46 B.CrtYd user)
    (47 F.CrtYd user)
    (48 B.Fab user)
    (49 F.Fab user hide)
  )

  (setup
    (last_trace_width 0.254)
    (user_trace_width 0.2032)
    (user_trace_width 0.254)
    (user_trace_width 0.3048)
    (user_trace_width 0.35052)
    (user_trace_width 0.4064)
    (user_trace_width 0.508)
    (user_trace_width 0.635)
    (user_trace_width 1.016)
    (trace_clearance 0.1778)
    (zone_clearance 0.254)
    (zone_45_only no)
    (trace_min 0.19812)
    (segment_width 0.2)
    (edge_width 0.15)
    (via_size 0.8)
    (via_drill 0.5)
    (via_min_size 0.381)
    (via_min_drill 0.3)
    (uvia_size 0.508)
    (uvia_drill 0.1)
    (uvias_allowed no)
    (uvia_min_size 0)
    (uvia_min_drill 0)
    (pcb_text_width 0.3)
    (pcb_text_size 1.5 1.5)
    (mod_edge_width 0.15)
    (mod_text_size 0.635 0.635)
    (mod_text_width 0.1016)
    (pad_size 0.8 0.35)
    (pad_drill 0)
    (pad_to_mask_clearance 0.0508)
    (aux_axis_origin 0 0)
    (visible_elements FFFF577F)
    (pcbplotparams
      (layerselection 0x010fc_ffffffff)
      (usegerberextensions true)
      (usegerberattributes true)
      (excludeedgelayer true)
      (linewidth 0.100000)
      (plotframeref false)
      (viasonmask false)
      (mode 1)
      (useauxorigin false)
      (hpglpennumber 1)
      (hpglpenspeed 20)
      (hpglpendiameter 15)
      (hpglpenoverlay 2)
      (psnegative false)
      (psa4output false)
      (plotreference true)
      (plotvalue false)
      (plotinvisibletext false)
      (padsonsilk false)
      (subtractmaskfromsilk true)
      (outputformat 1)
      (mirror false)
      (drillshape 0)
      (scaleselection 1)
      (outputdirectory Gerber))
  )

  (net 0 "")
  (net 1 /MCU/SERVO)
  (net 2 GND)
  (net 3 "Net-(C2-Pad2)")
  (net 4 "Net-(C3-Pad2)")
  (net 5 "Net-(C4-Pad2)")
  (net 6 VCC)
  (net 7 /MCU/NRST)
  (net 8 "Net-(C8-Pad2)")
  (net 9 +5V)
  (net 10 "Net-(C14-Pad1)")
  (net 11 "Net-(C16-Pad2)")
  (net 12 "Net-(C17-Pad1)")
  (net 13 "Net-(C18-Pad2)")
  (net 14 "Net-(C19-Pad1)")
  (net 15 "Net-(C19-Pad2)")
  (net 16 "Net-(C20-Pad1)")
  (net 17 "Net-(C22-Pad1)")
  (net 18 "Net-(C23-Pad1)")
  (net 19 /DRV8301/SH_A)
  (net 20 "Net-(C24-Pad1)")
  (net 21 /DRV8301/SH_B)
  (net 22 "Net-(C25-Pad1)")
  (net 23 /DRV8301/SH_C)
  (net 24 SUPPLY)
  (net 25 "Net-(C28-Pad1)")
  (net 26 "Net-(C28-Pad2)")
  (net 27 /MCU/CURRENT_1)
  (net 28 /MCU/CURRENT_2)
  (net 29 /MCU/ADC_TEMP)
  (net 30 /MCU/CURRENT_3)
  (net 31 "Net-(C49-Pad2)")
  (net 32 "Net-(C51-Pad2)")
  (net 33 "Net-(C52-Pad2)")
  (net 34 "Net-(C54-Pad1)")
  (net 35 "Net-(C56-Pad1)")
  (net 36 "Net-(C56-Pad2)")
  (net 37 /MCU/TEMP_MOTOR)
  (net 38 "Net-(C59-Pad2)")
  (net 39 "Net-(C60-Pad2)")
  (net 40 "Net-(L1-Pad1)")
  (net 41 "Net-(L3-Pad1)")
  (net 42 "Net-(L3-Pad2)")
  (net 43 "Net-(P1-Pad1)")
  (net 44 "Net-(P1-Pad2)")
  (net 45 "Net-(P1-Pad3)")
  (net 46 "Net-(P1-Pad4)")
  (net 47 /CAN/CANH)
  (net 48 /CAN/CANL)
  (net 49 /MCU/HALL_2)
  (net 50 /MCU/HALL_3)
  (net 51 /MCU/HALL_1)
  (net 52 "Net-(P4-Pad6)")
  (net 53 /MCU/MISO_ADC_EXT2)
  (net 54 /MPU9150/SCL)
  (net 55 /MCU/RX_SDA_NSS)
  (net 56 /MCU/SCK_ADC_EXT)
  (net 57 /MCU/ADC_15)
  (net 58 "Net-(P6-Pad3)")
  (net 59 /MCU/SWDIO)
  (net 60 /MCU/SWCLK)
  (net 61 /MCU/USB_DM)
  (net 62 /MCU/USB_DP)
  (net 63 "Net-(D1-Pad1)")
  (net 64 "Net-(D2-Pad1)")
  (net 65 "Net-(D3-Pad1)")
  (net 66 "Net-(R10-Pad2)")
  (net 67 "Net-(R13-Pad2)")
  (net 68 "Net-(R14-Pad2)")
  (net 69 /MCU/AI_IN)
  (net 70 /DRV8301/SENS_A)
  (net 71 /DRV8301/SENS_B)
  (net 72 /DRV8301/SENS_C)
  (net 73 "Net-(P8-Pad1)")
  (net 74 /DRV8301/GH_A)
  (net 75 /DRV8301/GL_A)
  (net 76 "Net-(P9-Pad1)")
  (net 77 /DRV8301/GH_B)
  (net 78 /DRV8301/GL_B)
  (net 79 "Net-(P10-Pad1)")
  (net 80 /DRV8301/GH_C)
  (net 81 /DRV8301/GL_C)
  (net 82 /Power/C_A)
  (net 83 /Power/C_B)
  (net 84 /Power/C_C)
  (net 85 "Net-(R38-Pad2)")
  (net 86 "Net-(U1-Pad4)")
  (net 87 "Net-(U1-Pad2)")
  (net 88 "Net-(U1-Pad3)")
  (net 89 /nrf/CSN)
  (net 90 /DRV8301/INL_A)
  (net 91 /DRV8301/INL_B)
  (net 92 /DRV8301/INL_C)
  (net 93 /DRV8301/CS)
  (net 94 "Net-(U1-Pad50)")
  (net 95 /DRV8301/SCLK)
  (net 96 /DRV8301/SDO)
  (net 97 /DRV8301/SDI)
  (net 98 /nrf/MISO)
  (net 99 /nrf/MOSI)
  (net 100 /MCU/PB4)
  (net 101 /MCU/LED_GREEN)
  (net 102 /MCU/LED_RED)
  (net 103 /MCU/H1)
  (net 104 /MCU/H2)
  (net 105 /MCU/H3)
  (net 106 /DRV8301/EN_GATE)
  (net 107 /DRV8301/FAULT)
  (net 108 "Net-(U1-Pad28)")
  (net 109 /MCU/CAN_RX)
  (net 110 /MCU/CAN_TX)
  (net 111 "Net-(U3-Pad12)")
  (net 112 "Net-(U3-Pad4)")
  (net 113 "Net-(U3-Pad5)")
  (net 114 "Net-(U3-Pad25)")
  (net 115 "Net-(U3-Pad26)")
  (net 116 "Net-(U3-Pad55)")
  (net 117 "Net-(R24-Pad3)")
  (net 118 "Net-(U5-Pad4)")
  (net 119 "Net-(R24-Pad4)")
  (net 120 "Net-(R29-Pad3)")
  (net 121 "Net-(U6-Pad4)")
  (net 122 "Net-(R29-Pad4)")
  (net 123 "Net-(R32-Pad3)")
  (net 124 "Net-(U7-Pad4)")
  (net 125 "Net-(R32-Pad4)")
  (net 126 /nrf/IRQ)
  (net 127 "Net-(U10-Pad1)")
  (net 128 "Net-(U10-Pad6)")
  (net 129 "Net-(U10-Pad7)")
  (net 130 "Net-(U10-Pad11)")
  (net 131 "Net-(U10-Pad12)")
  (net 132 "Net-(U10-Pad22)")
  (net 133 "Net-(Q1-Pad2)")
  (net 134 "Net-(Q2-Pad2)")
  (net 135 "Net-(Q3-Pad2)")
  (net 136 "Net-(Q4-Pad2)")
  (net 137 "Net-(Q5-Pad2)")
  (net 138 "Net-(Q6-Pad2)")

  (net_class Default 这是默认网络组.
    (clearance 0.1778)
    (trace_width 0.2032)
    (via_dia 0.8)
    (via_drill 0.5)
    (uvia_dia 0.508)
    (uvia_drill 0.1)
    (add_net +5V)
    (add_net /CAN/CANH)
    (add_net /CAN/CANL)
    (add_net /DRV8301/CS)
    (add_net /DRV8301/EN_GATE)
    (add_net /DRV8301/FAULT)
    (add_net /DRV8301/GH_A)
    (add_net /DRV8301/GH_B)
    (add_net /DRV8301/GH_C)
    (add_net /DRV8301/GL_A)
    (add_net /DRV8301/GL_B)
    (add_net /DRV8301/GL_C)
    (add_net /DRV8301/INL_A)
    (add_net /DRV8301/INL_B)
    (add_net /DRV8301/INL_C)
    (add_net /DRV8301/SCLK)
    (add_net /DRV8301/SDI)
    (add_net /DRV8301/SDO)
    (add_net /DRV8301/SENS_A)
    (add_net /DRV8301/SENS_B)
    (add_net /DRV8301/SENS_C)
    (add_net /DRV8301/SH_A)
    (add_net /DRV8301/SH_B)
    (add_net /DRV8301/SH_C)
    (add_net /MCU/ADC_15)
    (add_net /MCU/ADC_TEMP)
    (add_net /MCU/AI_IN)
    (add_net /MCU/CAN_RX)
    (add_net /MCU/CAN_TX)
    (add_net /MCU/CURRENT_1)
    (add_net /MCU/CURRENT_2)
    (add_net /MCU/CURRENT_3)
    (add_net /MCU/H1)
    (add_net /MCU/H2)
    (add_net /MCU/H3)
    (add_net /MCU/HALL_1)
    (add_net /MCU/HALL_2)
    (add_net /MCU/HALL_3)
    (add_net /MCU/LED_GREEN)
    (add_net /MCU/LED_RED)
    (add_net /MCU/MISO_ADC_EXT2)
    (add_net /MCU/NRST)
    (add_net /MCU/PB4)
    (add_net /MCU/RX_SDA_NSS)
    (add_net /MCU/SCK_ADC_EXT)
    (add_net /MCU/SERVO)
    (add_net /MCU/SWCLK)
    (add_net /MCU/SWDIO)
    (add_net /MCU/TEMP_MOTOR)
    (add_net /MCU/USB_DM)
    (add_net /MCU/USB_DP)
    (add_net /MPU9150/SCL)
    (add_net /Power/C_A)
    (add_net /Power/C_B)
    (add_net /Power/C_C)
    (add_net /nrf/CSN)
    (add_net /nrf/IRQ)
    (add_net /nrf/MISO)
    (add_net /nrf/MOSI)
    (add_net GND)
    (add_net "Net-(C14-Pad1)")
    (add_net "Net-(C16-Pad2)")
    (add_net "Net-(C17-Pad1)")
    (add_net "Net-(C18-Pad2)")
    (add_net "Net-(C19-Pad1)")
    (add_net "Net-(C19-Pad2)")
    (add_net "Net-(C2-Pad2)")
    (add_net "Net-(C20-Pad1)")
    (add_net "Net-(C22-Pad1)")
    (add_net "Net-(C23-Pad1)")
    (add_net "Net-(C24-Pad1)")
    (add_net "Net-(C25-Pad1)")
    (add_net "Net-(C28-Pad1)")
    (add_net "Net-(C28-Pad2)")
    (add_net "Net-(C3-Pad2)")
    (add_net "Net-(C4-Pad2)")
    (add_net "Net-(C49-Pad2)")
    (add_net "Net-(C51-Pad2)")
    (add_net "Net-(C52-Pad2)")
    (add_net "Net-(C54-Pad1)")
    (add_net "Net-(C56-Pad1)")
    (add_net "Net-(C56-Pad2)")
    (add_net "Net-(C59-Pad2)")
    (add_net "Net-(C60-Pad2)")
    (add_net "Net-(C8-Pad2)")
    (add_net "Net-(D1-Pad1)")
    (add_net "Net-(D2-Pad1)")
    (add_net "Net-(D3-Pad1)")
    (add_net "Net-(L1-Pad1)")
    (add_net "Net-(L3-Pad1)")
    (add_net "Net-(L3-Pad2)")
    (add_net "Net-(P1-Pad1)")
    (add_net "Net-(P1-Pad2)")
    (add_net "Net-(P1-Pad3)")
    (add_net "Net-(P1-Pad4)")
    (add_net "Net-(P10-Pad1)")
    (add_net "Net-(P4-Pad6)")
    (add_net "Net-(P6-Pad3)")
    (add_net "Net-(P8-Pad1)")
    (add_net "Net-(P9-Pad1)")
    (add_net "Net-(Q1-Pad2)")
    (add_net "Net-(Q2-Pad2)")
    (add_net "Net-(Q3-Pad2)")
    (add_net "Net-(Q4-Pad2)")
    (add_net "Net-(Q5-Pad2)")
    (add_net "Net-(Q6-Pad2)")
    (add_net "Net-(R10-Pad2)")
    (add_net "Net-(R13-Pad2)")
    (add_net "Net-(R14-Pad2)")
    (add_net "Net-(R24-Pad3)")
    (add_net "Net-(R24-Pad4)")
    (add_net "Net-(R29-Pad3)")
    (add_net "Net-(R29-Pad4)")
    (add_net "Net-(R32-Pad3)")
    (add_net "Net-(R32-Pad4)")
    (add_net "Net-(R38-Pad2)")
    (add_net "Net-(U1-Pad2)")
    (add_net "Net-(U1-Pad28)")
    (add_net "Net-(U1-Pad3)")
    (add_net "Net-(U1-Pad4)")
    (add_net "Net-(U1-Pad50)")
    (add_net "Net-(U10-Pad1)")
    (add_net "Net-(U10-Pad11)")
    (add_net "Net-(U10-Pad12)")
    (add_net "Net-(U10-Pad22)")
    (add_net "Net-(U10-Pad6)")
    (add_net "Net-(U10-Pad7)")
    (add_net "Net-(U3-Pad12)")
    (add_net "Net-(U3-Pad25)")
    (add_net "Net-(U3-Pad26)")
    (add_net "Net-(U3-Pad4)")
    (add_net "Net-(U3-Pad5)")
    (add_net "Net-(U3-Pad55)")
    (add_net "Net-(U5-Pad4)")
    (add_net "Net-(U6-Pad4)")
    (add_net "Net-(U7-Pad4)")
    (add_net SUPPLY)
    (add_net VCC)
  )

  (module CRF1:SMD-0603_c (layer F.Cu) (tedit 5AA50562) (tstamp 5A9A255D)
    (at 126.365 82.677 90)
    (path /5A8CB300/5A8CE6F8)
    (attr smd)
    (fp_text reference C59 (at 1.651 0 180) (layer F.SilkS)
      (effects (font (size 0.635 0.635) (thickness 0.1016)))
    )
    (fp_text value 2.2u (at -1.651 0 360) (layer F.SilkS) hide
      (effects (font (size 0.635 0.635) (thickness 0.1016)))
    )
    (fp_line (start 0.50038 0.65024) (end 1.19888 0.65024) (layer F.SilkS) (width 0.11938))
    (fp_line (start -0.50038 0.65024) (end -1.19888 0.65024) (layer F.SilkS) (width 0.11938))
    (fp_line (start 0.50038 -0.65024) (end 1.19888 -0.65024) (layer F.SilkS) (width 0.11938))
    (fp_line (start -1.19888 -0.65024) (end -0.50038 -0.65024) (layer F.SilkS) (width 0.11938))
    (fp_line (start 1.19888 -0.635) (end 1.19888 0.635) (layer F.SilkS) (width 0.11938))
    (fp_line (start -1.19888 0.635) (end -1.19888 -0.635) (layer F.SilkS) (width 0.11938))
    (pad 1 smd rect (at -0.762 0 90) (size 0.635 1.143) (layers F.Cu F.Paste F.Mask)
      (net 2 GND))
    (pad 2 smd rect (at 0.762 0 90) (size 0.635 1.143) (layers F.Cu F.Paste F.Mask)
      (net 38 "Net-(C59-Pad2)"))
    (model walter/smd_cap/c_0603.wrl
      (at (xyz 0 0 0))
      (scale (xyz 1 1 1))
      (rotate (xyz 0 0 0))
    )
  )

  (module CRF1:TSSOP-56-PP (layer F.Cu) (tedit 5050C42C) (tstamp 5A9A2977)
    (at 134.747 75.565 270)
    (descr TSSOP-56-PP)
    (path /504F83BE/5A8A8132)
    (fp_text reference U3 (at 0 1.27 270) (layer F.SilkS)
      (effects (font (size 0.635 0.635) (thickness 0.1016)))
    )
    (fp_text value DRV8301 (at 0 -1.2065 270) (layer F.SilkS)
      (effects (font (size 0.635 0.635) (thickness 0.1016)))
    )
    (fp_line (start -7.39648 2.99974) (end 7.60222 2.99974) (layer F.SilkS) (width 0.127))
    (fp_line (start 7.60222 -2.99974) (end -7.39648 -2.99974) (layer F.SilkS) (width 0.127))
    (fp_line (start 7.60222 -2.99974) (end 7.60222 2.99974) (layer F.SilkS) (width 0.127))
    (fp_line (start -7.39648 2.99974) (end -7.39648 -2.99974) (layer F.SilkS) (width 0.127))
    (fp_circle (center -6.88086 2.35712) (end -7.13486 2.67462) (layer F.SilkS) (width 0.127))
    (pad 38 smd rect (at 2.30378 -4.0005 270) (size 0.29972 1.50114) (layers F.Cu F.Paste F.Mask)
      (net 22 "Net-(C25-Pad1)"))
    (pad 39 smd rect (at 1.8034 -4.0005 270) (size 0.29972 1.50114) (layers F.Cu F.Paste F.Mask)
      (net 2 GND))
    (pad 40 smd rect (at 1.30302 -4.0005 270) (size 0.29972 1.50114) (layers F.Cu F.Paste F.Mask)
      (net 78 /DRV8301/GL_B))
    (pad 41 smd rect (at 0.80264 -4.0005 270) (size 0.29972 1.50114) (layers F.Cu F.Paste F.Mask)
      (net 21 /DRV8301/SH_B))
    (pad 42 smd rect (at 0.30226 -4.0005 270) (size 0.29972 1.50114) (layers F.Cu F.Paste F.Mask)
      (net 77 /DRV8301/GH_B))
    (pad 43 smd rect (at -0.19558 -4.0005 270) (size 0.29972 1.50114) (layers F.Cu F.Paste F.Mask)
      (net 20 "Net-(C24-Pad1)"))
    (pad 44 smd rect (at -0.69596 -4.0005 270) (size 0.29972 1.50114) (layers F.Cu F.Paste F.Mask)
      (net 2 GND))
    (pad 45 smd rect (at -1.19634 -4.0005 270) (size 0.29972 1.50114) (layers F.Cu F.Paste F.Mask)
      (net 75 /DRV8301/GL_A))
    (pad 46 smd rect (at -1.69672 -4.0005 270) (size 0.29972 1.50114) (layers F.Cu F.Paste F.Mask)
      (net 19 /DRV8301/SH_A))
    (pad 47 smd rect (at -2.1971 -4.0005 270) (size 0.29972 1.50114) (layers F.Cu F.Paste F.Mask)
      (net 74 /DRV8301/GH_A))
    (pad 48 smd rect (at -2.69748 -4.0005 270) (size 0.29972 1.50114) (layers F.Cu F.Paste F.Mask)
      (net 18 "Net-(C23-Pad1)"))
    (pad 29 smd rect (at 6.80212 -4.0005 270) (size 0.29972 1.50114) (layers F.Cu F.Paste F.Mask)
      (net 24 SUPPLY))
    (pad 30 smd rect (at 6.30428 -4.0005 270) (size 0.29972 1.50114) (layers F.Cu F.Paste F.Mask)
      (net 2 GND))
    (pad 31 smd rect (at 5.8039 -4.0005 270) (size 0.29972 1.50114) (layers F.Cu F.Paste F.Mask)
      (net 2 GND))
    (pad 17 smd rect (at 1.30302 4.0005 270) (size 0.29972 1.50114) (layers F.Cu F.Paste F.Mask)
      (net 103 /MCU/H1))
    (pad 33 smd rect (at 4.80314 -4.0005 270) (size 0.29972 1.50114) (layers F.Cu F.Paste F.Mask)
      (net 2 GND))
    (pad 34 smd rect (at 4.30276 -4.0005 270) (size 0.29972 1.50114) (layers F.Cu F.Paste F.Mask)
      (net 2 GND))
    (pad 35 smd rect (at 3.80238 -4.0005 270) (size 0.29972 1.50114) (layers F.Cu F.Paste F.Mask)
      (net 81 /DRV8301/GL_C))
    (pad 36 smd rect (at 3.30454 -4.0005 270) (size 0.29972 1.50114) (layers F.Cu F.Paste F.Mask)
      (net 23 /DRV8301/SH_C))
    (pad 37 smd rect (at 2.80416 -4.0005 270) (size 0.29972 1.50114) (layers F.Cu F.Paste F.Mask)
      (net 80 /DRV8301/GH_C))
    (pad 12 smd rect (at -1.19634 4.0005 270) (size 0.29972 1.50114) (layers F.Cu F.Paste F.Mask)
      (net 111 "Net-(U3-Pad12)"))
    (pad 13 smd rect (at -0.69596 4.0005 270) (size 0.29972 1.50114) (layers F.Cu F.Paste F.Mask)
      (net 10 "Net-(C14-Pad1)"))
    (pad 14 smd rect (at -0.19558 4.0005 270) (size 0.29972 1.50114) (layers F.Cu F.Paste F.Mask)
      (net 14 "Net-(C19-Pad1)"))
    (pad 15 smd rect (at 0.30226 4.0005 270) (size 0.29972 1.50114) (layers F.Cu F.Paste F.Mask)
      (net 15 "Net-(C19-Pad2)"))
    (pad 16 smd rect (at 0.80264 4.0005 270) (size 0.29972 1.50114) (layers F.Cu F.Paste F.Mask)
      (net 106 /DRV8301/EN_GATE))
    (pad 32 smd rect (at 5.30352 -4.0005 270) (size 0.29972 1.50114) (layers F.Cu F.Paste F.Mask)
      (net 2 GND))
    (pad 18 smd rect (at 1.8034 4.0005 270) (size 0.29972 1.50114) (layers F.Cu F.Paste F.Mask)
      (net 90 /DRV8301/INL_A))
    (pad 19 smd rect (at 2.30378 4.0005 270) (size 0.29972 1.50114) (layers F.Cu F.Paste F.Mask)
      (net 104 /MCU/H2))
    (pad 20 smd rect (at 2.80416 4.0005 270) (size 0.29972 1.50114) (layers F.Cu F.Paste F.Mask)
      (net 91 /DRV8301/INL_B))
    (pad 21 smd rect (at 3.30454 4.0005 270) (size 0.29972 1.50114) (layers F.Cu F.Paste F.Mask)
      (net 105 /MCU/H3))
    (pad 22 smd rect (at 3.80238 4.0005 270) (size 0.29972 1.50114) (layers F.Cu F.Paste F.Mask)
      (net 92 /DRV8301/INL_C))
    (pad 23 smd rect (at 4.30276 4.0005 270) (size 0.29972 1.50114) (layers F.Cu F.Paste F.Mask)
      (net 12 "Net-(C17-Pad1)"))
    (pad 24 smd rect (at 4.80314 4.0005 270) (size 0.29972 1.50114) (layers F.Cu F.Paste F.Mask)
      (net 16 "Net-(C20-Pad1)"))
    (pad 1 smd rect (at -6.69544 4.0005 270) (size 0.29972 1.50114) (layers F.Cu F.Paste F.Mask)
      (net 68 "Net-(R14-Pad2)"))
    (pad 2 smd rect (at -6.1976 4.0005 270) (size 0.29972 1.50114) (layers F.Cu F.Paste F.Mask)
      (net 13 "Net-(C18-Pad2)"))
    (pad 3 smd rect (at -5.69722 4.0005 270) (size 0.29972 1.50114) (layers F.Cu F.Paste F.Mask)
      (net 66 "Net-(R10-Pad2)"))
    (pad 4 smd rect (at -5.19684 4.0005 270) (size 0.29972 1.50114) (layers F.Cu F.Paste F.Mask)
      (net 112 "Net-(U3-Pad4)"))
    (pad 5 smd rect (at -4.69646 4.0005 270) (size 0.29972 1.50114) (layers F.Cu F.Paste F.Mask)
      (net 113 "Net-(U3-Pad5)"))
    (pad 6 smd rect (at -4.19608 4.0005 270) (size 0.29972 1.50114) (layers F.Cu F.Paste F.Mask)
      (net 107 /DRV8301/FAULT))
    (pad 7 smd rect (at -3.6957 4.0005 270) (size 0.29972 1.50114) (layers F.Cu F.Paste F.Mask)
      (net 67 "Net-(R13-Pad2)"))
    (pad 8 smd rect (at -3.19786 4.0005 270) (size 0.29972 1.50114) (layers F.Cu F.Paste F.Mask)
      (net 93 /DRV8301/CS))
    (pad 9 smd rect (at -2.69748 4.0005 270) (size 0.29972 1.50114) (layers F.Cu F.Paste F.Mask)
      (net 97 /DRV8301/SDI))
    (pad 10 smd rect (at -2.1971 4.0005 270) (size 0.29972 1.50114) (layers F.Cu F.Paste F.Mask)
      (net 96 /DRV8301/SDO))
    (pad 11 smd rect (at -1.69672 4.0005 270) (size 0.29972 1.50114) (layers F.Cu F.Paste F.Mask)
      (net 95 /DRV8301/SCLK))
    (pad 25 smd rect (at 5.30352 4.0005 270) (size 0.29972 1.50114) (layers F.Cu F.Paste F.Mask)
      (net 114 "Net-(U3-Pad25)"))
    (pad 26 smd rect (at 5.8039 4.0005 270) (size 0.29972 1.50114) (layers F.Cu F.Paste F.Mask)
      (net 115 "Net-(U3-Pad26)"))
    (pad 27 smd rect (at 6.30428 4.0005 270) (size 0.29972 1.50114) (layers F.Cu F.Paste F.Mask)
      (net 16 "Net-(C20-Pad1)"))
    (pad 28 smd rect (at 6.80212 4.0005 270) (size 0.29972 1.50114) (layers F.Cu F.Paste F.Mask)
      (net 2 GND))
    (pad 49 smd rect (at -3.19786 -4.0005 270) (size 0.29972 1.50114) (layers F.Cu F.Paste F.Mask)
      (net 6 VCC))
    (pad 50 smd rect (at -3.6957 -4.0005 270) (size 0.29972 1.50114) (layers F.Cu F.Paste F.Mask)
      (net 26 "Net-(C28-Pad2)"))
    (pad 51 smd rect (at -4.19608 -4.0005 270) (size 0.29972 1.50114) (layers F.Cu F.Paste F.Mask)
      (net 26 "Net-(C28-Pad2)"))
    (pad 52 smd rect (at -4.69646 -4.0005 270) (size 0.29972 1.50114) (layers F.Cu F.Paste F.Mask)
      (net 25 "Net-(C28-Pad1)"))
    (pad 53 smd rect (at -5.19684 -4.0005 270) (size 0.29972 1.50114) (layers F.Cu F.Paste F.Mask)
      (net 24 SUPPLY))
    (pad 54 smd rect (at -5.69722 -4.0005 270) (size 0.29972 1.50114) (layers F.Cu F.Paste F.Mask)
      (net 24 SUPPLY))
    (pad 55 smd rect (at -6.1976 -4.0005 270) (size 0.29972 1.50114) (layers F.Cu F.Paste F.Mask)
      (net 116 "Net-(U3-Pad55)"))
    (pad 56 smd rect (at -6.69544 -4.0005 270) (size 0.29972 1.50114) (layers F.Cu F.Paste F.Mask)
      (net 17 "Net-(C22-Pad1)"))
    (pad 57 smd rect (at 0 0 270) (size 7.00024 3.59918) (layers F.Cu F.Paste F.Mask)
      (net 2 GND))
  )

  (module CRF1:SMD-0603_c (layer B.Cu) (tedit 5AA2DC56) (tstamp 5A9A226B)
    (at 140.208 69.596 90)
    (path /53F826DC/5A8B0819)
    (attr smd)
    (fp_text reference C35 (at 2.2225 0.0635 90) (layer B.SilkS)
      (effects (font (size 0.635 0.635) (thickness 0.1016)) (justify mirror))
    )
    (fp_text value 2.2u (at -1.651 0 180) (layer B.SilkS) hide
      (effects (font (size 0.635 0.635) (thickness 0.1016)) (justify mirror))
    )
    (fp_line (start 0.50038 -0.65024) (end 1.19888 -0.65024) (layer B.SilkS) (width 0.11938))
    (fp_line (start -0.50038 -0.65024) (end -1.19888 -0.65024) (layer B.SilkS) (width 0.11938))
    (fp_line (start 0.50038 0.65024) (end 1.19888 0.65024) (layer B.SilkS) (width 0.11938))
    (fp_line (start -1.19888 0.65024) (end -0.50038 0.65024) (layer B.SilkS) (width 0.11938))
    (fp_line (start 1.19888 0.635) (end 1.19888 -0.635) (layer B.SilkS) (width 0.11938))
    (fp_line (start -1.19888 -0.635) (end -1.19888 0.635) (layer B.SilkS) (width 0.11938))
    (pad 1 smd rect (at -0.762 0 90) (size 0.635 1.143) (layers B.Cu B.Paste B.Mask)
      (net 6 VCC))
    (pad 2 smd rect (at 0.762 0 90) (size 0.635 1.143) (layers B.Cu B.Paste B.Mask)
      (net 2 GND))
    (model walter/smd_cap/c_0603.wrl
      (at (xyz 0 0 0))
      (scale (xyz 1 1 1))
      (rotate (xyz 0 0 0))
    )
  )

  (module CRF1:SMD-0603_c (layer B.Cu) (tedit 5AA67EC9) (tstamp 5A9A20D5)
    (at 122.047 98.806 180)
    (path /5A90E3E5)
    (attr smd)
    (fp_text reference C1 (at -1.778 0 270) (layer B.SilkS)
      (effects (font (size 0.635 0.635) (thickness 0.1016)) (justify mirror))
    )
    (fp_text value 100n (at -1.651 0 270) (layer B.SilkS) hide
      (effects (font (size 0.635 0.635) (thickness 0.1016)) (justify mirror))
    )
    (fp_line (start 0.50038 -0.65024) (end 1.19888 -0.65024) (layer B.SilkS) (width 0.11938))
    (fp_line (start -0.50038 -0.65024) (end -1.19888 -0.65024) (layer B.SilkS) (width 0.11938))
    (fp_line (start 0.50038 0.65024) (end 1.19888 0.65024) (layer B.SilkS) (width 0.11938))
    (fp_line (start -1.19888 0.65024) (end -0.50038 0.65024) (layer B.SilkS) (width 0.11938))
    (fp_line (start 1.19888 0.635) (end 1.19888 -0.635) (layer B.SilkS) (width 0.11938))
    (fp_line (start -1.19888 -0.635) (end -1.19888 0.635) (layer B.SilkS) (width 0.11938))
    (pad 1 smd rect (at -0.762 0 180) (size 0.635 1.143) (layers B.Cu B.Paste B.Mask)
      (net 1 /MCU/SERVO))
    (pad 2 smd rect (at 0.762 0 180) (size 0.635 1.143) (layers B.Cu B.Paste B.Mask)
      (net 2 GND))
    (model walter/smd_cap/c_0603.wrl
      (at (xyz 0 0 0))
      (scale (xyz 1 1 1))
      (rotate (xyz 0 0 0))
    )
  )

  (module CRF1:SMD-0603_c (layer B.Cu) (tedit 53ECAF6F) (tstamp 5A9A20E1)
    (at 138.049 91.313 90)
    (path /53F7501A/53F757DB)
    (attr smd)
    (fp_text reference C2 (at 0 1.143 90) (layer B.SilkS)
      (effects (font (size 0.635 0.635) (thickness 0.1016)) (justify mirror))
    )
    (fp_text value 15p (at -1.651 0 180) (layer B.SilkS) hide
      (effects (font (size 0.635 0.635) (thickness 0.1016)) (justify mirror))
    )
    (fp_line (start 0.50038 -0.65024) (end 1.19888 -0.65024) (layer B.SilkS) (width 0.11938))
    (fp_line (start -0.50038 -0.65024) (end -1.19888 -0.65024) (layer B.SilkS) (width 0.11938))
    (fp_line (start 0.50038 0.65024) (end 1.19888 0.65024) (layer B.SilkS) (width 0.11938))
    (fp_line (start -1.19888 0.65024) (end -0.50038 0.65024) (layer B.SilkS) (width 0.11938))
    (fp_line (start 1.19888 0.635) (end 1.19888 -0.635) (layer B.SilkS) (width 0.11938))
    (fp_line (start -1.19888 -0.635) (end -1.19888 0.635) (layer B.SilkS) (width 0.11938))
    (pad 1 smd rect (at -0.762 0 90) (size 0.635 1.143) (layers B.Cu B.Paste B.Mask)
      (net 2 GND))
    (pad 2 smd rect (at 0.762 0 90) (size 0.635 1.143) (layers B.Cu B.Paste B.Mask)
      (net 3 "Net-(C2-Pad2)"))
    (model walter/smd_cap/c_0603.wrl
      (at (xyz 0 0 0))
      (scale (xyz 1 1 1))
      (rotate (xyz 0 0 0))
    )
  )

  (module CRF1:SMD-0603_c (layer B.Cu) (tedit 53ECAF6F) (tstamp 5A9A20ED)
    (at 125.6835 98.0125 270)
    (path /53F7501A/53F757B5)
    (attr smd)
    (fp_text reference C3 (at 0 1.143 270) (layer B.SilkS)
      (effects (font (size 0.635 0.635) (thickness 0.1016)) (justify mirror))
    )
    (fp_text value 2.2u (at -1.651 0 360) (layer B.SilkS) hide
      (effects (font (size 0.635 0.635) (thickness 0.1016)) (justify mirror))
    )
    (fp_line (start 0.50038 -0.65024) (end 1.19888 -0.65024) (layer B.SilkS) (width 0.11938))
    (fp_line (start -0.50038 -0.65024) (end -1.19888 -0.65024) (layer B.SilkS) (width 0.11938))
    (fp_line (start 0.50038 0.65024) (end 1.19888 0.65024) (layer B.SilkS) (width 0.11938))
    (fp_line (start -1.19888 0.65024) (end -0.50038 0.65024) (layer B.SilkS) (width 0.11938))
    (fp_line (start 1.19888 0.635) (end 1.19888 -0.635) (layer B.SilkS) (width 0.11938))
    (fp_line (start -1.19888 -0.635) (end -1.19888 0.635) (layer B.SilkS) (width 0.11938))
    (pad 1 smd rect (at -0.762 0 270) (size 0.635 1.143) (layers B.Cu B.Paste B.Mask)
      (net 2 GND))
    (pad 2 smd rect (at 0.762 0 270) (size 0.635 1.143) (layers B.Cu B.Paste B.Mask)
      (net 4 "Net-(C3-Pad2)"))
    (model walter/smd_cap/c_0603.wrl
      (at (xyz 0 0 0))
      (scale (xyz 1 1 1))
      (rotate (xyz 0 0 0))
    )
  )

  (module CRF1:SMD-0603_c (layer F.Cu) (tedit 53ECAF6F) (tstamp 5A9A20F9)
    (at 137.668 103.505)
    (path /53F7501A/53F757AE)
    (attr smd)
    (fp_text reference C4 (at 0 -1.143) (layer F.SilkS)
      (effects (font (size 0.635 0.635) (thickness 0.1016)))
    )
    (fp_text value 2.2u (at -1.651 0 270) (layer F.SilkS) hide
      (effects (font (size 0.635 0.635) (thickness 0.1016)))
    )
    (fp_line (start 0.50038 0.65024) (end 1.19888 0.65024) (layer F.SilkS) (width 0.11938))
    (fp_line (start -0.50038 0.65024) (end -1.19888 0.65024) (layer F.SilkS) (width 0.11938))
    (fp_line (start 0.50038 -0.65024) (end 1.19888 -0.65024) (layer F.SilkS) (width 0.11938))
    (fp_line (start -1.19888 -0.65024) (end -0.50038 -0.65024) (layer F.SilkS) (width 0.11938))
    (fp_line (start 1.19888 -0.635) (end 1.19888 0.635) (layer F.SilkS) (width 0.11938))
    (fp_line (start -1.19888 0.635) (end -1.19888 -0.635) (layer F.SilkS) (width 0.11938))
    (pad 1 smd rect (at -0.762 0) (size 0.635 1.143) (layers F.Cu F.Paste F.Mask)
      (net 2 GND))
    (pad 2 smd rect (at 0.762 0) (size 0.635 1.143) (layers F.Cu F.Paste F.Mask)
      (net 5 "Net-(C4-Pad2)"))
    (model walter/smd_cap/c_0603.wrl
      (at (xyz 0 0 0))
      (scale (xyz 1 1 1))
      (rotate (xyz 0 0 0))
    )
  )

  (module CRF1:SMD-0603_c (layer F.Cu) (tedit 53ECAF6F) (tstamp 5A9A2105)
    (at 126.746 90.932 90)
    (path /53F7501A/53F757F8)
    (attr smd)
    (fp_text reference C5 (at 0 -1.143 90) (layer F.SilkS)
      (effects (font (size 0.635 0.635) (thickness 0.1016)))
    )
    (fp_text value 2.2u (at -1.651 0 360) (layer F.SilkS) hide
      (effects (font (size 0.635 0.635) (thickness 0.1016)))
    )
    (fp_line (start 0.50038 0.65024) (end 1.19888 0.65024) (layer F.SilkS) (width 0.11938))
    (fp_line (start -0.50038 0.65024) (end -1.19888 0.65024) (layer F.SilkS) (width 0.11938))
    (fp_line (start 0.50038 -0.65024) (end 1.19888 -0.65024) (layer F.SilkS) (width 0.11938))
    (fp_line (start -1.19888 -0.65024) (end -0.50038 -0.65024) (layer F.SilkS) (width 0.11938))
    (fp_line (start 1.19888 -0.635) (end 1.19888 0.635) (layer F.SilkS) (width 0.11938))
    (fp_line (start -1.19888 0.635) (end -1.19888 -0.635) (layer F.SilkS) (width 0.11938))
    (pad 1 smd rect (at -0.762 0 90) (size 0.635 1.143) (layers F.Cu F.Paste F.Mask)
      (net 6 VCC))
    (pad 2 smd rect (at 0.762 0 90) (size 0.635 1.143) (layers F.Cu F.Paste F.Mask)
      (net 2 GND))
    (model walter/smd_cap/c_0603.wrl
      (at (xyz 0 0 0))
      (scale (xyz 1 1 1))
      (rotate (xyz 0 0 0))
    )
  )

  (module CRF1:SMD-0603_c (layer F.Cu) (tedit 5AA404CE) (tstamp 5A9A2111)
    (at 130.937 86.106 270)
    (path /53F7501A/53F757FF)
    (attr smd)
    (fp_text reference C6 (at 0 1.27 270) (layer F.SilkS)
      (effects (font (size 0.635 0.635) (thickness 0.1016)))
    )
    (fp_text value 2.2u (at -1.651 0 540) (layer F.SilkS) hide
      (effects (font (size 0.635 0.635) (thickness 0.1016)))
    )
    (fp_line (start 0.50038 0.65024) (end 1.19888 0.65024) (layer F.SilkS) (width 0.11938))
    (fp_line (start -0.50038 0.65024) (end -1.19888 0.65024) (layer F.SilkS) (width 0.11938))
    (fp_line (start 0.50038 -0.65024) (end 1.19888 -0.65024) (layer F.SilkS) (width 0.11938))
    (fp_line (start -1.19888 -0.65024) (end -0.50038 -0.65024) (layer F.SilkS) (width 0.11938))
    (fp_line (start 1.19888 -0.635) (end 1.19888 0.635) (layer F.SilkS) (width 0.11938))
    (fp_line (start -1.19888 0.635) (end -1.19888 -0.635) (layer F.SilkS) (width 0.11938))
    (pad 1 smd rect (at -0.762 0 270) (size 0.635 1.143) (layers F.Cu F.Paste F.Mask)
      (net 6 VCC))
    (pad 2 smd rect (at 0.762 0 270) (size 0.635 1.143) (layers F.Cu F.Paste F.Mask)
      (net 2 GND))
    (model walter/smd_cap/c_0603.wrl
      (at (xyz 0 0 0))
      (scale (xyz 1 1 1))
      (rotate (xyz 0 0 0))
    )
  )

  (module CRF1:SMD-0603_c (layer B.Cu) (tedit 53ECAF6F) (tstamp 5A9A211D)
    (at 130.3825 101.1875 270)
    (path /53F7501A/53F75896)
    (attr smd)
    (fp_text reference C7 (at 0 1.143 270) (layer B.SilkS)
      (effects (font (size 0.635 0.635) (thickness 0.1016)) (justify mirror))
    )
    (fp_text value 100n (at -1.651 0 360) (layer B.SilkS) hide
      (effects (font (size 0.635 0.635) (thickness 0.1016)) (justify mirror))
    )
    (fp_line (start 0.50038 -0.65024) (end 1.19888 -0.65024) (layer B.SilkS) (width 0.11938))
    (fp_line (start -0.50038 -0.65024) (end -1.19888 -0.65024) (layer B.SilkS) (width 0.11938))
    (fp_line (start 0.50038 0.65024) (end 1.19888 0.65024) (layer B.SilkS) (width 0.11938))
    (fp_line (start -1.19888 0.65024) (end -0.50038 0.65024) (layer B.SilkS) (width 0.11938))
    (fp_line (start 1.19888 0.635) (end 1.19888 -0.635) (layer B.SilkS) (width 0.11938))
    (fp_line (start -1.19888 -0.635) (end -1.19888 0.635) (layer B.SilkS) (width 0.11938))
    (pad 1 smd rect (at -0.762 0 270) (size 0.635 1.143) (layers B.Cu B.Paste B.Mask)
      (net 7 /MCU/NRST))
    (pad 2 smd rect (at 0.762 0 270) (size 0.635 1.143) (layers B.Cu B.Paste B.Mask)
      (net 2 GND))
    (model walter/smd_cap/c_0603.wrl
      (at (xyz 0 0 0))
      (scale (xyz 1 1 1))
      (rotate (xyz 0 0 0))
    )
  )

  (module CRF1:SMD-0603_c (layer B.Cu) (tedit 53ECAF6F) (tstamp 5A9A2129)
    (at 130.3825 91.2815 270)
    (path /53F7501A/53F757E2)
    (attr smd)
    (fp_text reference C8 (at 0 1.143 270) (layer B.SilkS)
      (effects (font (size 0.635 0.635) (thickness 0.1016)) (justify mirror))
    )
    (fp_text value 15p (at -1.651 0 360) (layer B.SilkS) hide
      (effects (font (size 0.635 0.635) (thickness 0.1016)) (justify mirror))
    )
    (fp_line (start 0.50038 -0.65024) (end 1.19888 -0.65024) (layer B.SilkS) (width 0.11938))
    (fp_line (start -0.50038 -0.65024) (end -1.19888 -0.65024) (layer B.SilkS) (width 0.11938))
    (fp_line (start 0.50038 0.65024) (end 1.19888 0.65024) (layer B.SilkS) (width 0.11938))
    (fp_line (start -1.19888 0.65024) (end -0.50038 0.65024) (layer B.SilkS) (width 0.11938))
    (fp_line (start 1.19888 0.635) (end 1.19888 -0.635) (layer B.SilkS) (width 0.11938))
    (fp_line (start -1.19888 -0.635) (end -1.19888 0.635) (layer B.SilkS) (width 0.11938))
    (pad 1 smd rect (at -0.762 0 270) (size 0.635 1.143) (layers B.Cu B.Paste B.Mask)
      (net 2 GND))
    (pad 2 smd rect (at 0.762 0 270) (size 0.635 1.143) (layers B.Cu B.Paste B.Mask)
      (net 8 "Net-(C8-Pad2)"))
    (model walter/smd_cap/c_0603.wrl
      (at (xyz 0 0 0))
      (scale (xyz 1 1 1))
      (rotate (xyz 0 0 0))
    )
  )

  (module CRF1:SMD-0603_c (layer F.Cu) (tedit 5AA54741) (tstamp 5A9A2135)
    (at 121.666 91.059 90)
    (path /53F7501A/53F77426)
    (attr smd)
    (fp_text reference C9 (at -2.032 -0.127 90) (layer F.SilkS)
      (effects (font (size 0.635 0.635) (thickness 0.1016)))
    )
    (fp_text value 2.2u (at -1.651 0 360) (layer F.SilkS) hide
      (effects (font (size 0.635 0.635) (thickness 0.1016)))
    )
    (fp_line (start 0.50038 0.65024) (end 1.19888 0.65024) (layer F.SilkS) (width 0.11938))
    (fp_line (start -0.50038 0.65024) (end -1.19888 0.65024) (layer F.SilkS) (width 0.11938))
    (fp_line (start 0.50038 -0.65024) (end 1.19888 -0.65024) (layer F.SilkS) (width 0.11938))
    (fp_line (start -1.19888 -0.65024) (end -0.50038 -0.65024) (layer F.SilkS) (width 0.11938))
    (fp_line (start 1.19888 -0.635) (end 1.19888 0.635) (layer F.SilkS) (width 0.11938))
    (fp_line (start -1.19888 0.635) (end -1.19888 -0.635) (layer F.SilkS) (width 0.11938))
    (pad 1 smd rect (at -0.762 0 90) (size 0.635 1.143) (layers F.Cu F.Paste F.Mask)
      (net 6 VCC))
    (pad 2 smd rect (at 0.762 0 90) (size 0.635 1.143) (layers F.Cu F.Paste F.Mask)
      (net 2 GND))
    (model walter/smd_cap/c_0603.wrl
      (at (xyz 0 0 0))
      (scale (xyz 1 1 1))
      (rotate (xyz 0 0 0))
    )
  )

  (module CRF1:SMD-0603_c (layer B.Cu) (tedit 53ECAF6F) (tstamp 5A9A2141)
    (at 134.8275 98.6475 180)
    (path /53F7501A/53F7742D)
    (attr smd)
    (fp_text reference C10 (at 0 1.143 180) (layer B.SilkS)
      (effects (font (size 0.635 0.635) (thickness 0.1016)) (justify mirror))
    )
    (fp_text value 2.2u (at -1.651 0 270) (layer B.SilkS) hide
      (effects (font (size 0.635 0.635) (thickness 0.1016)) (justify mirror))
    )
    (fp_line (start 0.50038 -0.65024) (end 1.19888 -0.65024) (layer B.SilkS) (width 0.11938))
    (fp_line (start -0.50038 -0.65024) (end -1.19888 -0.65024) (layer B.SilkS) (width 0.11938))
    (fp_line (start 0.50038 0.65024) (end 1.19888 0.65024) (layer B.SilkS) (width 0.11938))
    (fp_line (start -1.19888 0.65024) (end -0.50038 0.65024) (layer B.SilkS) (width 0.11938))
    (fp_line (start 1.19888 0.635) (end 1.19888 -0.635) (layer B.SilkS) (width 0.11938))
    (fp_line (start -1.19888 -0.635) (end -1.19888 0.635) (layer B.SilkS) (width 0.11938))
    (pad 1 smd rect (at -0.762 0 180) (size 0.635 1.143) (layers B.Cu B.Paste B.Mask)
      (net 6 VCC))
    (pad 2 smd rect (at 0.762 0 180) (size 0.635 1.143) (layers B.Cu B.Paste B.Mask)
      (net 2 GND))
    (model walter/smd_cap/c_0603.wrl
      (at (xyz 0 0 0))
      (scale (xyz 1 1 1))
      (rotate (xyz 0 0 0))
    )
  )

  (module CRF1:SMD-0603_c (layer F.Cu) (tedit 53ECAF6F) (tstamp 5A9A214D)
    (at 128.143 100.33)
    (path /53F7501A/53F77447)
    (attr smd)
    (fp_text reference C11 (at 0 -1.143) (layer F.SilkS)
      (effects (font (size 0.635 0.635) (thickness 0.1016)))
    )
    (fp_text value 2.2u (at -1.651 0 270) (layer F.SilkS) hide
      (effects (font (size 0.635 0.635) (thickness 0.1016)))
    )
    (fp_line (start 0.50038 0.65024) (end 1.19888 0.65024) (layer F.SilkS) (width 0.11938))
    (fp_line (start -0.50038 0.65024) (end -1.19888 0.65024) (layer F.SilkS) (width 0.11938))
    (fp_line (start 0.50038 -0.65024) (end 1.19888 -0.65024) (layer F.SilkS) (width 0.11938))
    (fp_line (start -1.19888 -0.65024) (end -0.50038 -0.65024) (layer F.SilkS) (width 0.11938))
    (fp_line (start 1.19888 -0.635) (end 1.19888 0.635) (layer F.SilkS) (width 0.11938))
    (fp_line (start -1.19888 0.635) (end -1.19888 -0.635) (layer F.SilkS) (width 0.11938))
    (pad 1 smd rect (at -0.762 0) (size 0.635 1.143) (layers F.Cu F.Paste F.Mask)
      (net 6 VCC))
    (pad 2 smd rect (at 0.762 0) (size 0.635 1.143) (layers F.Cu F.Paste F.Mask)
      (net 2 GND))
    (model walter/smd_cap/c_0603.wrl
      (at (xyz 0 0 0))
      (scale (xyz 1 1 1))
      (rotate (xyz 0 0 0))
    )
  )

  (module CRF1:SMD-0603_c (layer F.Cu) (tedit 5AA68AF3) (tstamp 5A9A2159)
    (at 143.256 90.551 270)
    (path /53F7501A/53F7744E)
    (attr smd)
    (fp_text reference C12 (at -1.651 0 360) (layer F.SilkS)
      (effects (font (size 0.635 0.635) (thickness 0.1016)))
    )
    (fp_text value 2.2u (at -1.651 0 540) (layer F.SilkS) hide
      (effects (font (size 0.635 0.635) (thickness 0.1016)))
    )
    (fp_line (start 0.50038 0.65024) (end 1.19888 0.65024) (layer F.SilkS) (width 0.11938))
    (fp_line (start -0.50038 0.65024) (end -1.19888 0.65024) (layer F.SilkS) (width 0.11938))
    (fp_line (start 0.50038 -0.65024) (end 1.19888 -0.65024) (layer F.SilkS) (width 0.11938))
    (fp_line (start -1.19888 -0.65024) (end -0.50038 -0.65024) (layer F.SilkS) (width 0.11938))
    (fp_line (start 1.19888 -0.635) (end 1.19888 0.635) (layer F.SilkS) (width 0.11938))
    (fp_line (start -1.19888 0.635) (end -1.19888 -0.635) (layer F.SilkS) (width 0.11938))
    (pad 1 smd rect (at -0.762 0 270) (size 0.635 1.143) (layers F.Cu F.Paste F.Mask)
      (net 6 VCC))
    (pad 2 smd rect (at 0.762 0 270) (size 0.635 1.143) (layers F.Cu F.Paste F.Mask)
      (net 2 GND))
    (model walter/smd_cap/c_0603.wrl
      (at (xyz 0 0 0))
      (scale (xyz 1 1 1))
      (rotate (xyz 0 0 0))
    )
  )

  (module CRF1:SMD-0603_c (layer B.Cu) (tedit 53ECAF6F) (tstamp 5A9A2165)
    (at 129.1125 80.9945 270)
    (path /504F83BE/5A972EAC)
    (attr smd)
    (fp_text reference C13 (at 0 1.143 270) (layer B.SilkS)
      (effects (font (size 0.635 0.635) (thickness 0.1016)) (justify mirror))
    )
    (fp_text value 2.2u (at -1.651 0 360) (layer B.SilkS) hide
      (effects (font (size 0.635 0.635) (thickness 0.1016)) (justify mirror))
    )
    (fp_line (start 0.50038 -0.65024) (end 1.19888 -0.65024) (layer B.SilkS) (width 0.11938))
    (fp_line (start -0.50038 -0.65024) (end -1.19888 -0.65024) (layer B.SilkS) (width 0.11938))
    (fp_line (start 0.50038 0.65024) (end 1.19888 0.65024) (layer B.SilkS) (width 0.11938))
    (fp_line (start -1.19888 0.65024) (end -0.50038 0.65024) (layer B.SilkS) (width 0.11938))
    (fp_line (start 1.19888 0.635) (end 1.19888 -0.635) (layer B.SilkS) (width 0.11938))
    (fp_line (start -1.19888 -0.635) (end -1.19888 0.635) (layer B.SilkS) (width 0.11938))
    (pad 1 smd rect (at -0.762 0 270) (size 0.635 1.143) (layers B.Cu B.Paste B.Mask)
      (net 9 +5V))
    (pad 2 smd rect (at 0.762 0 270) (size 0.635 1.143) (layers B.Cu B.Paste B.Mask)
      (net 2 GND))
    (model walter/smd_cap/c_0603.wrl
      (at (xyz 0 0 0))
      (scale (xyz 1 1 1))
      (rotate (xyz 0 0 0))
    )
  )

  (module CRF1:SMD-0603_c (layer F.Cu) (tedit 5AA6826B) (tstamp 5A9A2171)
    (at 124.968 75.692 180)
    (path /504F83BE/5A8CEE56)
    (attr smd)
    (fp_text reference C14 (at 2.159 0 360) (layer F.SilkS)
      (effects (font (size 0.635 0.635) (thickness 0.1016)))
    )
    (fp_text value 2.2u (at -1.651 0 450) (layer F.SilkS) hide
      (effects (font (size 0.635 0.635) (thickness 0.1016)))
    )
    (fp_line (start 0.50038 0.65024) (end 1.19888 0.65024) (layer F.SilkS) (width 0.11938))
    (fp_line (start -0.50038 0.65024) (end -1.19888 0.65024) (layer F.SilkS) (width 0.11938))
    (fp_line (start 0.50038 -0.65024) (end 1.19888 -0.65024) (layer F.SilkS) (width 0.11938))
    (fp_line (start -1.19888 -0.65024) (end -0.50038 -0.65024) (layer F.SilkS) (width 0.11938))
    (fp_line (start 1.19888 -0.635) (end 1.19888 0.635) (layer F.SilkS) (width 0.11938))
    (fp_line (start -1.19888 0.635) (end -1.19888 -0.635) (layer F.SilkS) (width 0.11938))
    (pad 1 smd rect (at -0.762 0 180) (size 0.635 1.143) (layers F.Cu F.Paste F.Mask)
      (net 10 "Net-(C14-Pad1)"))
    (pad 2 smd rect (at 0.762 0 180) (size 0.635 1.143) (layers F.Cu F.Paste F.Mask)
      (net 2 GND))
    (model walter/smd_cap/c_0603.wrl
      (at (xyz 0 0 0))
      (scale (xyz 1 1 1))
      (rotate (xyz 0 0 0))
    )
  )

  (module CRF1:SMD-0603_c (layer F.Cu) (tedit 5AA6825F) (tstamp 5A9A217D)
    (at 124.968 77.343 180)
    (path /504F83BE/5A8CEF35)
    (attr smd)
    (fp_text reference C15 (at 2.159 0 360) (layer F.SilkS)
      (effects (font (size 0.635 0.635) (thickness 0.1016)))
    )
    (fp_text value 2.2u (at -1.651 0 450) (layer F.SilkS) hide
      (effects (font (size 0.635 0.635) (thickness 0.1016)))
    )
    (fp_line (start 0.50038 0.65024) (end 1.19888 0.65024) (layer F.SilkS) (width 0.11938))
    (fp_line (start -0.50038 0.65024) (end -1.19888 0.65024) (layer F.SilkS) (width 0.11938))
    (fp_line (start 0.50038 -0.65024) (end 1.19888 -0.65024) (layer F.SilkS) (width 0.11938))
    (fp_line (start -1.19888 -0.65024) (end -0.50038 -0.65024) (layer F.SilkS) (width 0.11938))
